0.000000000000000000e+00 9.905047155009633570e+02 9.905047155009633570e+02 9.905047155009633570e+02 9.905047155009633570e+02
1.000000000000000021e-02 9.797071306228874619e+02 9.781893669673977456e+02 9.791710851072189143e+02 9.794841263509563305e+02
2.000000000000000042e-02 9.689106647647111004e+02 9.656048117321711288e+02 9.677448436428402374e+02 9.683428171599241523e+02
2.999999999999999889e-02 9.579920689879469364e+02 9.534613633761285882e+02 9.563718759464906043e+02 9.572983718377037121e+02
4.000000000000000083e-02 9.471225120800701234e+02 9.409252055531718497e+02 9.446847111392286251e+02 9.459354274862791954e+02
5.000000000000000278e-02 9.361423172221844879e+02 9.282554076029799717e+02 9.328565044209515236e+02 9.345396920198356838e+02
5.999999999999999778e-02 9.252701333834846764e+02 9.155062974369840276e+02 9.208058963730733240e+02 9.230659214742828453e+02
7.000000000000000666e-02 9.144217546169717252e+02 9.022171683576009400e+02 9.087451763099653590e+02 9.112809507483120797e+02
8.000000000000000167e-02 9.035430537679635563e+02 8.889733419193794361e+02 8.969826297533305706e+02 8.993226528706334193e+02
8.999999999999999667e-02 8.926853779472778569e+02 8.752131831215295961e+02 8.843457875874130423e+02 8.875042561305485833e+02
1.000000000000000056e-01 8.815456868566668618e+02 8.612412531413440320e+02 8.718946180241442789e+02 8.754221970990444106e+02
1.100000000000000006e-01 8.704747778458857965e+02 8.464747894461709166e+02 8.587064082312546134e+02 8.633295649168263708e+02
1.199999999999999956e-01 8.595428716363996955e+02 8.322340364473940326e+02 8.453711751895694988e+02 8.513184047534319916e+02
1.300000000000000044e-01 8.481924387945905437e+02 8.173328389393121824e+02 8.321162426355291473e+02 8.391816644707181467e+02
1.400000000000000133e-01 8.369505137430677451e+02 8.020435345041942128e+02 8.184193839491829294e+02 8.266461677657613336e+02
1.499999999999999944e-01 8.261394842923178885e+02 7.858936415792275056e+02 8.044924856722017239e+02 8.142890001178902821e+02
1.600000000000000033e-01 8.148937600018866760e+02 7.693274536129789567e+02 7.899189294630534732e+02 8.009510312284423890e+02
1.700000000000000122e-01 8.037910706985334173e+02 7.517617444378664686e+02 7.754756745684840098e+02 7.883218141263730558e+02
1.799999999999999933e-01 7.923410373765773329e+02 7.328921386269298637e+02 7.605491958467276845e+02 7.751129328573381372e+02
1.900000000000000022e-01 7.811909261649570908e+02 7.129581105662476830e+02 7.453979638528498981e+02 7.615397005946746276e+02
2.000000000000000111e-01 7.699699138072210189e+02 6.924371022802442894e+02 7.299279687722727203e+02 7.481229599538480670e+02
2.099999999999999922e-01 7.587471856220904556e+02 6.700033814997312902e+02 7.139430346619785723e+02 7.341861580949923791e+02
2.200000000000000011e-01 7.475929342986360098e+02 6.495522867263828175e+02 6.975721302358369940e+02 7.204562202567032045e+02
2.300000000000000100e-01 7.361693836932834074e+02 6.283106746830144402e+02 6.806543851410386878e+02 7.067527058813103622e+02
2.399999999999999911e-01 7.247957242291412285e+02 6.047772903568734364e+02 6.633564995928958297e+02 6.926639979128819959e+02
2.500000000000000000e-01 7.135821655463837487e+02 5.780516943593503356e+02 6.465506983277127802e+02 6.782838645685183110e+02
2.600000000000000089e-01 7.019867027295352955e+02 5.509691069254467948e+02 6.275488823405680705e+02 6.631820080273230360e+02
2.700000000000000178e-01 6.903199342023824556e+02 5.220684133672181133e+02 6.086606705662532022e+02 6.486327318904191088e+02
2.800000000000000266e-01 6.787836875925286222e+02 4.887876844284189701e+02 5.881417628628928469e+02 6.337281254703564173e+02
2.899999999999999800e-01 6.671260848781748791e+02 4.558167984557028376e+02 5.677778580178138554e+02 6.188862253227166548e+02
2.999999999999999889e-01 6.554949073319843365e+02 4.181909114922255526e+02 5.452746458515723589e+02 6.037635571255773357e+02
3.099999999999999978e-01 6.433281053967206162e+02 3.791077131269370284e+02 5.222009389484583153e+02 5.879175248551217692e+02
3.200000000000000067e-01 6.315763298100295060e+02 3.304822017095492015e+02 5.000238050055127701e+02 5.723871940018979103e+02
3.300000000000000155e-01 6.197454455023412265e+02 2.724080257862375447e+02 4.764362751933891786e+02 5.562612154654295864e+02
3.400000000000000244e-01 6.074001449524259897e+02 2.179570325792794279e+02 4.501786926044756569e+02 5.401125728402066670e+02
3.500000000000000333e-01 5.952249138650122404e+02 1.495031939385776241e+02 4.251934918159557242e+02 5.236738247589903494e+02
3.599999999999999867e-01 5.827946002956091434e+02 4.738431486031945639e+01 3.977692963478359616e+02 5.065677110949759481e+02
3.699999999999999956e-01 5.711009535859359403e+02 1.378368438276758923e+01 3.693456561310125608e+02 4.899143137771958436e+02
3.800000000000000044e-01 5.589331217689174309e+02 5.562798787399331424e+00 3.377655682040154375e+02 4.732665641073097618e+02
3.900000000000000133e-01 5.461809966254709252e+02 2.991233546474581395e+00 3.030236660189014515e+02 4.561377955077115871e+02
4.000000000000000222e-01 5.338531840264822677e+02 2.258312373135907603e+00 2.691112207602392914e+02 4.377028724720024684e+02
4.100000000000000311e-01 5.209114483896287311e+02 1.330906331431650713e+00 2.310518488573831632e+02 4.196768760889195846e+02
4.199999999999999845e-01 5.082325633706643089e+02 1.040794141085068958e+00 1.905578590960780616e+02 3.999861535433257131e+02
4.299999999999999933e-01 4.957168091830407661e+02 9.606700367807050611e-01 1.521147187342691041e+02 3.809839233429107708e+02
4.400000000000000022e-01 4.824679353752679276e+02 8.660478860686651181e-01 8.585489571786858676e+01 3.638256908220673154e+02
4.500000000000000111e-01 4.698509570043270855e+02 7.059447658675841453e-01 3.520909199675195822e+01 3.443735595493074584e+02
4.600000000000000200e-01 4.569398581965716630e+02 5.749406634475641154e-01 1.536541189805785912e+01 3.258304137386953698e+02
4.700000000000000289e-01 4.438452669870487171e+02 4.746316434475030266e-01 5.596093279005986076e+00 3.062223131809398637e+02
4.799999999999999822e-01 4.309749606053024991e+02 4.043302933434730351e-01 2.705282563323672118e+00 2.872480583976508797e+02
4.899999999999999911e-01 4.173785182712525170e+02 3.535302830344530522e-01 1.757126797027378506e+00 2.632207810482834134e+02
5.000000000000000000e-01 4.041984451738539974e+02 2.235272430344523165e-01 1.155510225421124026e+00 2.419652090030525073e+02
5.100000000000000089e-01 3.895711162220903248e+02 1.831232425242719231e-01 1.073673992095103280e+00 2.221459158577791868e+02
5.200000000000000178e-01 3.747219845699079315e+02 1.825202420241917034e-01 8.480568295750728902e-01 2.005246273626261200e+02
5.300000000000000266e-01 3.608232120865330899e+02 1.523202418221815124e-01 7.976555770677373758e-01 1.797181221573706011e+02
5.400000000000000355e-01 3.469364051250203147e+02 1.515182417181815122e-01 7.863495067656555149e-01 1.573869960118912275e+02
5.500000000000000444e-01 3.322665871003978850e+02 1.415142116161813013e-01 6.163473764474941552e-01 1.347320607052845389e+02
5.600000000000000533e-01 3.180471288502905622e+02 1.215141714161713099e-01 3.751383444394436051e-01 1.135881937886420019e+02
5.700000000000000622e-01 3.029035248811032375e+02 1.215141113131013167e-01 2.636383342294136289e-01 9.828592083638882571e+01
5.799999999999999600e-01 2.885866188272235604e+02 1.115141110111013134e-01 2.632273340294027375e-01 8.082308724306203374e+01
5.899999999999999689e-01 2.711782389934122648e+02 1.111101110111013118e-01 2.625272829253926243e-01 5.553042674445786275e+01
5.999999999999999778e-01 2.562213220484355247e+02 1.111101110090911143e-01 2.322272829222626067e-01 3.554850545390814887e+01
6.099999999999999867e-01 2.397735249036363143e+02 1.011101110090910082e-01 2.019212829201820492e-01 2.345167027773203117e+01
6.199999999999999956e-01 2.265517429752368912e+02 1.011101109090910000e-01 2.019191926181717334e-01 9.370762974850800120e+00
6.300000000000000044e-01 2.097554611515954548e+02 9.101011090908101009e-02 2.016191826181716329e-01 4.504714020328785651e+00
6.400000000000000133e-01 1.939604980775936838e+02 8.091011080908101782e-02 2.016181726181716372e-01 4.202081659272817404e+00
6.500000000000000222e-01 1.753853330318714541e+02 8.080808070908070129e-02 1.215141422181715281e-01 2.321556362567686271e+00
6.600000000000000311e-01 1.592120660005608102e+02 8.080808070908070129e-02 1.214141421181715169e-01 1.514535876949554938e+00
6.700000000000000400e-01 1.437761584665931593e+02 7.080808070908060914e-02 1.210141421171515158e-01 9.302275796450135692e-01
6.800000000000000488e-01 1.238904655671059629e+02 7.080807070907060852e-02 1.010111418101514169e-01 8.981113890440006742e-01
6.900000000000000577e-01 1.088201165626432356e+02 7.080807070906060263e-02 8.101013091015139833e-02 7.871848383829664897e-01
7.000000000000000666e-01 9.082312924654576136e+01 7.080807070906060263e-02 8.091013090812131103e-02 6.968676171585558299e-01
7.099999999999999645e-01 7.264821466559314445e+01 6.080607070906061257e-02 7.091010080812130967e-02 6.266625757575242650e-01
7.199999999999999734e-01 5.480784728795976690e+01 6.080606060705060628e-02 7.080710080807130213e-02 6.255615656445241424e-01
7.299999999999999822e-01 4.007401592403287083e+01 5.060606060705060555e-02 7.080708070807080479e-02 4.453385643444430220e-01
7.399999999999999911e-01 2.395672633269978746e+01 4.060606060705050646e-02 6.070707070606071176e-02 4.142383735424430835e-01
7.500000000000000000e-01 1.148057255404514265e+01 4.050606050705050226e-02 6.070707060606050226e-02 3.842363034354429607e-01
7.600000000000000089e-01 2.130314745570035306e+00 4.040405040505039985e-02 5.050706060605050784e-02 2.942363030313122074e-01
7.700000000000000178e-01 1.712684493593241264e+00 4.040405040505039985e-02 5.050605060605050517e-02 2.837352428312822084e-01
7.800000000000000266e-01 9.165638800743589609e-01 4.040405040405040116e-02 5.050404050604050121e-02 2.737202427222622525e-01
7.900000000000000355e-01 8.785503512538573867e-01 4.040405040405040116e-02 5.040404050604040814e-02 2.233192427202119468e-01
8.000000000000000444e-01 8.074827912456615797e-01 4.040405040404040915e-02 5.040404040504040811e-02 1.824192423182119382e-01
8.100000000000000533e-01 6.966557487435656171e-01 4.040404040404040747e-02 4.040403040504040449e-02 1.824192421182016244e-01
8.200000000000000622e-01 5.058534186393349730e-01 4.040404040403040853e-02 4.040303030504040910e-02 1.624192421181416268e-01
8.300000000000000711e-01 4.854364182307245312e-01 4.030303030403040165e-02 4.030303030503040035e-02 1.616182414161416170e-01
8.399999999999999689e-01 4.849363350283236729e-01 4.030303030403030451e-02 4.030303030503040035e-02 1.416182413151416131e-01
8.499999999999999778e-01 4.247363135242924193e-01 3.030303030403030257e-02 4.030303030503040035e-02 1.412142412151416171e-01
8.599999999999999867e-01 2.630272135192820437e-01 3.030303030403030257e-02 4.030303030503040035e-02 1.312102311141415956e-01
8.699999999999999956e-01 2.525271733192520074e-01 3.030303030303030387e-02 4.030303030503040035e-02 1.311102211131208173e-01
8.800000000000000044e-01 2.523251425142314930e-01 3.030303030303030387e-02 4.030303030503040035e-02 1.111101711130808162e-01
8.900000000000000133e-01 2.215151421132113274e-01 3.030303030302030146e-02 4.030303030503040035e-02 1.110091710120808123e-01
9.000000000000000222e-01 1.213141312121212151e-01 2.030303030302030298e-02 4.030303030503040035e-02 1.008091509120807999e-01
9.100000000000000311e-01 1.013140911100911118e-01 2.020202020202020374e-02 2.020202020202020374e-02 8.080813081107070250e-02
9.200000000000000400e-01 9.101107090809082423e-02 2.020202020202020374e-02 2.020202020202020374e-02 8.070813060906070757e-02
9.300000000000000488e-01 9.080806090707070621e-02 2.020202020202020374e-02 2.020202020202020374e-02 6.070808060806059947e-02
9.400000000000000577e-01 8.070506090607069971e-02 2.020202020202020374e-02 2.020202020202020374e-02 6.070507050706060864e-02
9.500000000000000666e-01 8.060505060607059402e-02 2.020202020202020374e-02 2.020202020202020374e-02 4.050507050705060008e-02
9.599999999999999645e-01 8.060405050605040644e-02 2.020202020202020374e-02 2.020202020202020374e-02 4.040506040605060245e-02
9.699999999999999734e-01 7.030305040504040981e-02 1.020202020202020179e-02 2.020202020202020374e-02 4.040504040604060709e-02
9.799999999999999822e-01 6.030305040403040329e-02 1.010201020101010073e-02 2.020202020202020374e-02 4.020302020503020712e-02
9.899999999999999911e-01 5.030203030303030676e-02 1.010101010101010187e-02 1.020202020202020179e-02 1.010101010101010187e-02
