0.000000000000000000e+00 4.029399999999999409e+02 4.029399999999999409e+02 4.029399999999999409e+02 4.029399999999999409e+02
1.000000000000000021e-02 3.588899999999999864e+02 8.691000000000002501e+01 1.041500000000000199e+02 1.493800000000000239e+02
2.000000000000000042e-02 3.142899999999997931e+02 4.147999999999998266e+01 7.262999999999998124e+01 1.269100000000000250e+02
2.999999999999999889e-02 2.826200000000000045e+02 3.014999999999999858e+01 5.415000000000000568e+01 1.116400000000000432e+02
4.000000000000000083e-02 2.417399999999998670e+02 2.352000000000000313e+01 4.347999999999999687e+01 1.001000000000000227e+02
5.000000000000000278e-02 2.104299999999998931e+02 1.946000000000000085e+01 3.562999999999999545e+01 8.827000000000002444e+01
5.999999999999999778e-02 1.858200000000000216e+02 1.538000000000001322e+01 2.966000000000000369e+01 7.812999999999998124e+01
7.000000000000000666e-02 1.683800000000000523e+02 1.184999999999999787e+01 2.442000000000000171e+01 6.677999999999998693e+01
8.000000000000000167e-02 1.539900000000000091e+02 9.629999999999993676e+00 2.032999999999999829e+01 5.598999999999998778e+01
8.999999999999999667e-02 1.436300000000000239e+02 8.949999999999999289e+00 1.742000000000001236e+01 4.615999999999998238e+01
1.000000000000000056e-01 1.313100000000000023e+02 8.420000000000003482e+00 1.493000000000000682e+01 3.995999999999999375e+01
1.100000000000000006e-01 1.211800000000000068e+02 7.980000000000003979e+00 1.300000000000000711e+01 3.418000000000001393e+01
1.199999999999999956e-01 1.112999999999999972e+02 7.590000000000004299e+00 1.152999999999999226e+01 2.960000000000001918e+01
1.300000000000000044e-01 1.017700000000000387e+02 7.280000000000002913e+00 1.017999999999998906e+01 2.562000000000000455e+01
1.400000000000000133e-01 9.259000000000000341e+01 6.879999999999999893e+00 9.089999999999994529e+00 2.268000000000001037e+01
1.499999999999999944e-01 8.676999999999999602e+01 6.599999999999997868e+00 8.170000000000003482e+00 1.972000000000001307e+01
1.600000000000000033e-01 8.143000000000000682e+01 6.319999999999997620e+00 7.290000000000005365e+00 1.832000000000000739e+01
1.700000000000000122e-01 7.632999999999995566e+01 6.099999999999996092e+00 6.509999999999994458e+00 1.650000000000000000e+01
1.799999999999999933e-01 7.225999999999996248e+01 5.749999999999992895e+00 5.919999999999991047e+00 1.510000000000000142e+01
1.900000000000000022e-01 6.671999999999999886e+01 5.469999999999992646e+00 5.369999999999990337e+00 1.379000000000000270e+01
2.000000000000000111e-01 6.290999999999999659e+01 5.119999999999994778e+00 4.889999999999993463e+00 1.256000000000000050e+01
2.099999999999999922e-01 6.000000000000000711e+01 4.829999999999995630e+00 4.339999999999998970e+00 1.152999999999999403e+01
2.200000000000000011e-01 5.727999999999999403e+01 4.439999999999997726e+00 4.050000000000001599e+00 1.063999999999999702e+01
2.300000000000000100e-01 5.395999999999999375e+01 4.249999999999999112e+00 3.880000000000000782e+00 9.659999999999996589e+00
2.399999999999999911e-01 5.189999999999998437e+01 3.879999999999999005e+00 3.359999999999996323e+00 8.820000000000000284e+00
2.500000000000000000e-01 4.833000000000000540e+01 3.489999999999997105e+00 3.029999999999995364e+00 8.070000000000000284e+00
2.600000000000000089e-01 4.544000000000000483e+01 2.839999999999998526e+00 2.729999999999997762e+00 7.289999999999998259e+00
2.700000000000000178e-01 4.334999999999999432e+01 2.160000000000000586e+00 2.190000000000000391e+00 6.509999999999995346e+00
2.800000000000000266e-01 4.071999999999999176e+01 2.000000000000001332e+00 2.000000000000001332e+00 5.849999999999994316e+00
2.899999999999999800e-01 3.869999999999998863e+01 2.000000000000001332e+00 2.000000000000001332e+00 5.189999999999994174e+00
2.999999999999999889e-01 3.689999999999998437e+01 2.000000000000001332e+00 2.000000000000001332e+00 4.669999999999997264e+00
3.099999999999999978e-01 3.510999999999999233e+01 2.000000000000001332e+00 2.000000000000001332e+00 4.220000000000000639e+00
3.200000000000000067e-01 3.329000000000000625e+01 2.000000000000001332e+00 2.000000000000001332e+00 4.040000000000002700e+00
3.300000000000000155e-01 3.153000000000000824e+01 2.000000000000001332e+00 2.000000000000001332e+00 3.990000000000002434e+00
3.400000000000000244e-01 3.013000000000000611e+01 2.000000000000001332e+00 2.000000000000001332e+00 3.900000000000001243e+00
3.500000000000000333e-01 2.841000000000000725e+01 2.000000000000001332e+00 2.000000000000001332e+00 3.639999999999997904e+00
3.599999999999999867e-01 2.767000000000000526e+01 2.000000000000001332e+00 2.000000000000001332e+00 3.299999999999996270e+00
3.699999999999999956e-01 2.667000000000000526e+01 2.000000000000001332e+00 2.000000000000001332e+00 3.089999999999995417e+00
3.800000000000000044e-01 2.553000000000000469e+01 2.000000000000001332e+00 2.000000000000001332e+00 2.989999999999995328e+00
3.900000000000000133e-01 2.462000000000000455e+01 2.000000000000001332e+00 2.000000000000001332e+00 2.789999999999997371e+00
4.000000000000000222e-01 2.342000000000000881e+01 2.000000000000001332e+00 2.000000000000001332e+00 2.449999999999999734e+00
4.100000000000000311e-01 2.212000000000000810e+01 2.000000000000001332e+00 2.000000000000001332e+00 2.100000000000000977e+00
4.199999999999999845e-01 2.136000000000000654e+01 2.000000000000001332e+00 2.000000000000001332e+00 2.010000000000001119e+00
4.299999999999999933e-01 2.064000000000000057e+01 2.000000000000001332e+00 2.000000000000001332e+00 2.000000000000001332e+00
4.400000000000000022e-01 1.988000000000000966e+01 2.000000000000001332e+00 2.000000000000001332e+00 2.000000000000001332e+00
4.500000000000000111e-01 1.927000000000000668e+01 2.000000000000001332e+00 2.000000000000001332e+00 2.000000000000001332e+00
4.600000000000000200e-01 1.839000000000000057e+01 2.000000000000001332e+00 2.000000000000001332e+00 2.000000000000001332e+00
4.700000000000000289e-01 1.778000000000000114e+01 2.000000000000001332e+00 2.000000000000001332e+00 2.000000000000001332e+00
4.799999999999999822e-01 1.689000000000001123e+01 2.000000000000001332e+00 2.000000000000001332e+00 2.000000000000001332e+00
4.899999999999999911e-01 1.623000000000001108e+01 2.000000000000001332e+00 2.000000000000001332e+00 2.000000000000001332e+00
5.000000000000000000e-01 1.581000000000000938e+01 2.000000000000001332e+00 2.000000000000001332e+00 2.000000000000001332e+00
5.100000000000000089e-01 1.532000000000000384e+01 2.000000000000001332e+00 2.000000000000001332e+00 2.000000000000001332e+00
5.200000000000000178e-01 1.470000000000000107e+01 2.000000000000001332e+00 2.000000000000001332e+00 2.000000000000001332e+00
5.300000000000000266e-01 1.424999999999999822e+01 2.000000000000001332e+00 2.000000000000001332e+00 2.000000000000001332e+00
5.400000000000000355e-01 1.366999999999999638e+01 2.000000000000001332e+00 2.000000000000001332e+00 2.000000000000001332e+00
5.500000000000000444e-01 1.314999999999999325e+01 2.000000000000001332e+00 2.000000000000001332e+00 2.000000000000001332e+00
5.600000000000000533e-01 1.260999999999998700e+01 2.000000000000001332e+00 2.000000000000001332e+00 2.000000000000001332e+00
5.700000000000000622e-01 1.205999999999998806e+01 2.000000000000001332e+00 2.000000000000001332e+00 2.000000000000001332e+00
5.799999999999999600e-01 1.155999999999998984e+01 1.990000000000001323e+00 2.000000000000001332e+00 2.000000000000001332e+00
5.899999999999999689e-01 1.123999999999999311e+01 1.990000000000001323e+00 2.000000000000001332e+00 2.000000000000001332e+00
5.999999999999999778e-01 1.058999999999999631e+01 1.980000000000001315e+00 2.000000000000001332e+00 2.000000000000001332e+00
6.099999999999999867e-01 1.022999999999999687e+01 1.840000000000001412e+00 2.000000000000001332e+00 1.990000000000001323e+00
6.199999999999999956e-01 9.989999999999996660e+00 1.480000000000000870e+00 2.000000000000001332e+00 1.880000000000001226e+00
6.300000000000000044e-01 9.769999999999997797e+00 1.170000000000000817e+00 2.000000000000001332e+00 1.390000000000001013e+00
6.400000000000000133e-01 9.500000000000000000e+00 1.010000000000000675e+00 2.000000000000001332e+00 1.020000000000000684e+00
6.500000000000000222e-01 9.159999999999998366e+00 1.000000000000000666e+00 2.000000000000001332e+00 1.000000000000000666e+00
6.600000000000000311e-01 8.860000000000001208e+00 1.000000000000000666e+00 2.000000000000001332e+00 1.000000000000000666e+00
6.700000000000000400e-01 8.660000000000001918e+00 1.000000000000000666e+00 2.000000000000001332e+00 1.000000000000000666e+00
6.800000000000000488e-01 8.320000000000003837e+00 1.000000000000000666e+00 2.000000000000001332e+00 1.000000000000000666e+00
6.900000000000000577e-01 8.080000000000000071e+00 1.000000000000000666e+00 2.000000000000001332e+00 1.000000000000000666e+00
7.000000000000000666e-01 7.859999999999998543e+00 1.000000000000000666e+00 2.000000000000001332e+00 1.000000000000000666e+00
7.099999999999999645e-01 7.509999999999997122e+00 1.000000000000000666e+00 2.000000000000001332e+00 1.000000000000000666e+00
7.199999999999999734e-01 7.139999999999998792e+00 1.000000000000000666e+00 2.000000000000001332e+00 1.000000000000000666e+00
7.299999999999999822e-01 6.929999999999996163e+00 1.000000000000000666e+00 2.000000000000001332e+00 1.000000000000000666e+00
7.399999999999999911e-01 6.649999999999995026e+00 1.000000000000000666e+00 2.000000000000001332e+00 1.000000000000000666e+00
7.500000000000000000e-01 6.339999999999993641e+00 1.000000000000000666e+00 2.000000000000001332e+00 1.000000000000000666e+00
7.600000000000000089e-01 6.169999999999991935e+00 1.000000000000000666e+00 2.000000000000001332e+00 1.000000000000000666e+00
7.700000000000000178e-01 5.959999999999993747e+00 1.000000000000000666e+00 2.000000000000001332e+00 1.000000000000000666e+00
7.800000000000000266e-01 5.789999999999992042e+00 1.000000000000000666e+00 2.000000000000001332e+00 1.000000000000000666e+00
7.900000000000000355e-01 5.629999999999992788e+00 1.000000000000000666e+00 2.000000000000001332e+00 1.000000000000000666e+00
8.000000000000000444e-01 5.459999999999993747e+00 1.000000000000000666e+00 2.000000000000001332e+00 1.000000000000000666e+00
8.100000000000000533e-01 5.239999999999995772e+00 1.000000000000000666e+00 2.000000000000001332e+00 1.000000000000000666e+00
8.200000000000000622e-01 4.949999999999995737e+00 1.000000000000000666e+00 2.000000000000001332e+00 1.000000000000000666e+00
8.300000000000000711e-01 4.739999999999996660e+00 1.000000000000000666e+00 2.000000000000001332e+00 1.000000000000000666e+00
8.399999999999999689e-01 4.509999999999998010e+00 1.000000000000000666e+00 2.000000000000001332e+00 1.000000000000000666e+00
8.499999999999999778e-01 4.379999999999999005e+00 1.000000000000000666e+00 2.000000000000001332e+00 1.000000000000000666e+00
8.599999999999999867e-01 4.239999999999999325e+00 1.000000000000000666e+00 2.000000000000001332e+00 1.000000000000000666e+00
8.699999999999999956e-01 4.069999999999998508e+00 1.000000000000000666e+00 2.000000000000001332e+00 1.000000000000000666e+00
8.800000000000000044e-01 3.889999999999998348e+00 1.000000000000000666e+00 2.000000000000001332e+00 1.000000000000000666e+00
8.900000000000000133e-01 3.689999999999998170e+00 1.000000000000000666e+00 2.000000000000001332e+00 1.000000000000000666e+00
9.000000000000000222e-01 3.459999999999996412e+00 1.000000000000000666e+00 2.000000000000001332e+00 1.000000000000000666e+00
9.100000000000000311e-01 3.329999999999996074e+00 1.000000000000000666e+00 2.000000000000001332e+00 1.000000000000000666e+00
9.200000000000000400e-01 3.169999999999996376e+00 1.000000000000000666e+00 2.000000000000001332e+00 1.000000000000000666e+00
9.300000000000000488e-01 2.969999999999997531e+00 1.000000000000000666e+00 1.990000000000001323e+00 1.000000000000000666e+00
9.400000000000000577e-01 2.739999999999998881e+00 1.000000000000000666e+00 1.990000000000001323e+00 1.000000000000000666e+00
9.500000000000000666e-01 2.390000000000000124e+00 1.000000000000000666e+00 1.960000000000001297e+00 1.000000000000000666e+00
9.599999999999999645e-01 2.240000000000001101e+00 1.000000000000000666e+00 1.880000000000001226e+00 1.000000000000000666e+00
9.699999999999999734e-01 2.120000000000000995e+00 1.000000000000000666e+00 1.630000000000001226e+00 1.000000000000000666e+00
9.799999999999999822e-01 1.850000000000001199e+00 1.000000000000000666e+00 1.410000000000000808e+00 1.000000000000000666e+00
9.899999999999999911e-01 1.350000000000000977e+00 1.000000000000000666e+00 1.110000000000000764e+00 1.000000000000000666e+00
