0.000000000000000000e+00 6.482973767633696127e+01 6.482973767633696127e+01 6.482973767633696127e+01 6.482973767633696127e+01
1.000000000000000021e-02 5.372330714569168109e+00 2.848519216262063392e+00 2.501591830161405028e+01 2.887563146400811576e+01
2.000000000000000042e-02 3.837377791271019856e+00 2.848519216261022891e+00 2.369591830161261470e+01 2.832141930395054885e+01
2.999999999999999889e-02 2.896400780131994424e+00 2.848519216261022891e+00 2.123161830161164332e+01 2.482475130339704705e+01
4.000000000000000083e-02 1.733188409991834655e+00 2.848519216261022891e+00 2.035161830160025076e+01 2.452001830308678976e+01
5.000000000000000278e-02 1.499070014741163526e+00 2.848519216261022891e+00 2.030499930128856079e+01 2.354754730127738682e+01
5.999999999999999778e-02 1.351833713415098837e+00 2.848519216261022891e+00 2.027283424068762230e+01 2.331411930125802456e+01
7.000000000000000666e-02 8.914275383919807449e-01 2.848519216261022891e+00 2.026553424068412212e+01 2.303779530123926023e+01
8.000000000000000167e-02 8.885129177919199872e-01 2.848519216261022891e+00 2.026050122630012496e+01 2.267696930118879806e+01
8.999999999999999667e-02 8.861129175919182366e-01 2.848519216261022891e+00 2.025341122629951585e+01 2.118594530107254315e+01
1.000000000000000056e-01 7.160748075739171714e-01 2.848519216261022891e+00 2.024996722629597556e+01 2.102502230104532543e+01
1.100000000000000006e-01 7.160746666737770605e-01 2.848519216261022891e+00 2.024290822629568609e+01 2.058420030103708953e+01
1.199999999999999956e-01 6.952726659715869895e-01 2.848519216261022891e+00 2.023565122629504387e+01 2.042343330102986698e+01
1.300000000000000044e-01 6.848726652494970812e-01 2.848519216261022891e+00 2.023287922629236490e+01 2.030261230102162529e+01
1.400000000000000133e-01 6.046724952494969552e-01 2.848519216261022891e+00 2.022940448629166355e+01 2.028652330101260404e+01
1.499999999999999944e-01 5.046623752434968857e-01 2.848519216261022891e+00 2.022600848629055292e+01 2.028564730100438140e+01
1.600000000000000033e-01 4.546623452434969681e-01 2.848519216261022891e+00 2.022084038629005320e+01 2.028483730099608096e+01
1.700000000000000122e-01 4.146433452413665344e-01 2.848519216261022891e+00 2.021828738628955335e+01 2.028412630098587854e+01
1.799999999999999933e-01 4.133433452413565745e-01 2.848519216261022891e+00 2.021514474628919800e+01 2.026801430097006929e+01
1.900000000000000022e-01 3.233373452413565996e-01 2.848519216236022444e+00 2.021181809628878767e+01 2.026740122630597796e+01
2.000000000000000111e-01 3.229373452413558665e-01 2.848519216236022444e+00 2.020766475628691339e+01 2.026676922630356614e+01
2.099999999999999922e-01 2.929372752283558312e-01 2.848519216236022444e+00 2.020467443628458781e+01 2.026615722630347705e+01
2.200000000000000011e-01 2.928372752283558422e-01 2.848519216236022444e+00 2.020161643628420833e+01 2.026554622630339608e+01
2.300000000000000100e-01 2.726372752283550138e-01 2.848519210236022836e+00 2.019856243628214543e+01 2.026503622630332302e+01
2.399999999999999911e-01 2.726262552283550411e-01 2.848519200736022938e+00 1.611536143628162421e+01 2.026452722630324388e+01
2.500000000000000000e-01 2.725252548253549456e-01 2.848519200736022938e+00 1.611254343628129959e+01 2.026391922630316245e+01
2.600000000000000089e-01 2.725252528233549354e-01 2.848519200736022938e+00 1.610520843628104970e+01 2.026341121550307989e+01
2.700000000000000178e-01 2.225252528233136184e-01 2.848519200736022938e+00 1.610027543628085667e+01 2.026280420030299467e+01
2.800000000000000266e-01 2.225252428233125412e-01 2.848519200736022938e+00 1.609985443628069746e+01 2.026219719010291698e+01
2.899999999999999800e-01 2.225252428213123357e-01 2.848519200736022938e+00 1.609983443628055610e+01 2.026168918890262560e+01
2.999999999999999889e-01 2.223232428212623124e-01 2.848519200736022938e+00 1.609981439838020378e+01 2.026102018720231257e+01
3.099999999999999978e-01 2.223232323212623318e-01 2.848519200736022938e+00 1.609828408837987013e+01 2.026051218670224330e+01
3.200000000000000067e-01 2.221232321212123495e-01 2.848519200736022938e+00 1.102675308837955725e+01 1.617990418640216177e+01
3.300000000000000155e-01 2.118202321212117323e-01 2.848519200736022938e+00 1.100451508837941894e+01 1.617937843600207160e+01
3.400000000000000244e-01 2.118202318211817314e-01 2.848519200736022938e+00 1.100331508837931693e+01 1.617877018540199074e+01
3.500000000000000333e-01 1.717172318201717063e-01 2.848519200735933232e+00 8.892610988379198389e+00 1.617826103500188850e+01
3.599999999999999867e-01 1.717172318201717063e-01 2.848519200735933232e+00 7.922610952679077556e+00 1.617775189450178885e+01
3.699999999999999956e-01 1.717172018191716332e-01 2.848519200735933232e+00 7.922604952678958590e+00 1.449556676400006872e+01
3.800000000000000044e-01 1.717162016191616236e-01 2.848519200735933232e+00 7.922385952678848042e+00 1.135505764359996839e+01
3.900000000000000133e-01 1.717162016191616236e-01 2.848519200735933232e+00 7.921573952678747865e+00 8.944448523199877599e+00
4.000000000000000222e-01 1.617162016191516227e-01 2.848519200735933232e+00 7.920863952678668163e+00 8.853938412899772459e+00
4.100000000000000311e-01 1.615151716181416341e-01 2.848519200735933232e+00 7.920055932678597976e+00 8.773065312399671356e+00
4.199999999999999845e-01 1.615151716181116026e-01 2.848519200735933232e+00 7.919447812678527931e+00 8.682556201999570789e+00
4.299999999999999933e-01 1.615131716181116006e-01 2.848519200735933232e+00 7.918639682678469072e+00 8.581947101399478584e+00
4.400000000000000022e-01 1.614131716141116168e-01 2.848519200735933232e+00 7.917988532678408298e+00 8.491337998199389503e+00
4.500000000000000111e-01 1.514131316141113237e-01 2.848519200735933232e+00 7.914988372678347872e+00 7.580726896199288412e+00
4.600000000000000200e-01 1.514121316141113227e-01 2.848519200735933232e+00 7.914287632678288276e+00 7.510116795599206974e+00
4.700000000000000289e-01 1.514121216141113002e-01 2.848519200735933232e+00 7.913787632678238815e+00 7.439356684999125946e+00
4.799999999999999822e-01 1.512121215141113140e-01 2.848519200735933232e+00 7.913287632678187578e+00 7.358648584299035456e+00
4.899999999999999911e-01 1.312121215141112962e-01 2.848519200735933232e+00 7.872787632678138081e+00 7.275041483498314143e+00
5.000000000000000000e-01 1.212121015141112146e-01 2.848519200735933232e+00 7.642287632678088194e+00 7.214334372695613062e+00
5.100000000000000089e-01 1.212091015141112255e-01 2.848519200735933232e+00 7.371787631819038289e+00 7.143527254595542608e+00
5.200000000000000178e-01 1.212090915141012110e-01 2.848519200735933232e+00 7.151287631818997959e+00 7.082811634295471670e+00
5.300000000000000266e-01 1.212090915141012110e-01 2.848519200735933232e+00 6.850787631818958445e+00 7.022104543995310699e+00
5.400000000000000355e-01 1.212090914141012166e-01 2.848519200735933232e+00 4.190287631818917724e+00 6.961396463695240122e+00
5.500000000000000444e-01 1.210090914120812017e-01 2.848519200735933232e+00 3.979887631818888494e+00 6.900689383395168797e+00
5.600000000000000533e-01 1.209090914120811155e-01 2.848519200735933232e+00 3.669487631818848072e+00 6.839965293095108478e+00
5.700000000000000622e-01 1.209090914120810045e-01 2.848519200735933232e+00 3.549087631818817812e+00 6.779220222895037118e+00
5.799999999999999600e-01 1.109090910120810181e-01 2.848519150735932648e+00 3.448787631818778010e+00 6.718613142694965568e+00
5.899999999999999689e-01 9.090909101108100854e-02 2.848519150735932648e+00 3.248387631818748122e+00 6.657907052694895356e+00
5.999999999999999778e-01 9.090909101108100854e-02 2.848519150735932648e+00 3.067987631818718253e+00 6.607300982694814806e+00
6.099999999999999867e-01 9.090909101108100854e-02 2.848519150735932648e+00 2.587687631818687883e+00 6.546592882694743487e+00
6.199999999999999956e-01 7.090909101108100465e-02 2.848519150735932648e+00 2.587287631818658173e+00 6.485984802694662044e+00
6.300000000000000044e-01 7.090909101108090751e-02 2.848519150735932648e+00 2.586987631818638000e+00 6.445276702694581417e+00
6.400000000000000133e-01 7.090909101108090751e-02 2.848519150735932648e+00 2.586687631818608057e+00 6.384568602694499440e+00
6.500000000000000222e-01 7.090909100908091012e-02 2.848519110735932891e+00 2.586387631818578114e+00 6.323859462694429112e+00
6.600000000000000311e-01 7.090909100908091012e-02 2.848519110735932891e+00 2.586087631817558297e+00 6.263127322694337806e+00
6.700000000000000400e-01 7.090909100708070456e-02 2.848519110735932891e+00 2.525887631799538013e+00 6.202420162692286354e+00
6.800000000000000488e-01 7.090909100708070456e-02 2.848519110735932891e+00 2.395587631778508086e+00 6.131810412692185963e+00
6.900000000000000577e-01 7.090909070708070749e-02 2.848519110735932891e+00 2.315387631757487963e+00 6.071067262692064759e+00
7.000000000000000666e-01 7.080909070706070674e-02 2.848519110735932891e+00 2.155087631715467911e+00 6.010439098491922039e+00
7.099999999999999645e-01 7.080809070606070010e-02 2.848519110735932891e+00 1.984887631687448195e+00 5.929832997791801397e+00
7.199999999999999734e-01 7.070809070606071112e-02 2.848519110723933156e+00 1.784587631687428289e+00 5.839226906191600008e+00
7.299999999999999822e-01 7.070809060606070284e-02 2.848519110723933156e+00 1.574387631687418132e+00 5.728618814991467190e+00
7.399999999999999911e-01 7.070809060606070284e-02 2.848019110723932990e+00 1.374187631687397770e+00 4.568011723691340897e+00
7.500000000000000000e-01 7.060809060606069998e-02 2.846818720723932827e+00 1.193987631687377649e+00 4.467403612391209755e+00
7.600000000000000089e-01 7.060609060506060908e-02 2.846797700723933122e+00 1.033787631687357766e+00 4.366796520190748154e+00
7.700000000000000178e-01 6.060609060506060713e-02 2.846697700723932911e+00 8.735876316873476544e-01 4.256048439690616192e+00
7.800000000000000266e-01 6.060609050506061274e-02 2.846597700723933144e+00 8.033876316873275192e-01 4.155340349190464799e+00
7.900000000000000355e-01 6.060609050505060685e-02 2.846594700723932725e+00 7.531876316873176158e-01 4.054532268790292271e+00
8.000000000000000444e-01 6.060607050505060350e-02 2.846594700642933073e+00 7.129876032872973779e-01 3.953123168290119782e+00
8.100000000000000533e-01 6.060607050505060350e-02 2.846594700642933073e+00 6.728876032872874724e-01 3.822113056826936361e+00
8.200000000000000622e-01 6.050505050505061017e-02 2.843394700642932538e+00 6.226876032872673550e-01 3.530800956316760608e+00
8.300000000000000711e-01 6.040505050505060036e-02 2.843394700242932949e+00 5.825876032872573385e-01 3.369542855703508533e+00
8.399999999999999689e-01 6.040405040505060497e-02 2.843394700242932949e+00 5.223876032872474262e-01 3.198331735068216997e+00
8.499999999999999778e-01 5.040405040504060408e-02 2.841094700242932536e+00 4.722876032872273533e-01 3.007020634408934079e+00
8.599999999999999867e-01 5.030405040504060815e-02 2.841094699342932461e+00 4.420876032872173567e-01 2.725706813798631778e+00
8.699999999999999956e-01 5.030405040504060815e-02 2.841091699342912946e+00 3.919876032872073868e-01 2.554298713196907489e+00
8.800000000000000044e-01 5.030405040403040234e-02 2.841021699342642926e+00 3.517876024871873231e-01 2.322689612596613440e+00
8.900000000000000133e-01 5.030303040403039799e-02 2.841021694142642495e+00 3.216876010871773661e-01 2.244789521994657200e+00
9.000000000000000222e-01 5.030303040303030215e-02 2.841021694102642492e+00 2.815875964551672883e-01 2.192989401094424640e+00
9.100000000000000311e-01 4.030303040303030021e-02 2.837321694102642677e+00 2.513875959281423045e-01 2.151089149993561822e+00
9.200000000000000400e-01 4.030303030303030581e-02 2.830806694102642407e+00 2.112869259101116948e-01 2.098287298593370043e+00
9.300000000000000488e-01 4.030303030303030581e-02 2.830806694102642407e+00 1.710869259101016615e-01 1.884787027093117517e+00
9.400000000000000577e-01 2.030303030303030193e-02 2.830778694089642666e+00 1.509869258950805593e-01 1.776586935592325167e+00
9.500000000000000666e-01 2.030303030203030323e-02 2.280778394089192140e+00 1.308858058890669251e-01 1.644186931893943715e+00
9.599999999999999645e-01 2.020302030203020155e-02 1.280770734069021977e+00 9.064272584105692587e-02 1.521786930860822951e+00
9.699999999999999734e-01 2.020302020203020021e-02 8.207687340690118516e-01 7.047570583704261538e-02 1.369585799738010756e+00
9.799999999999999822e-01 2.020202020202020374e-02 6.207536998654155092e-01 4.034136581903220720e-02 1.156769628409006767e+00
9.899999999999999911e-01 1.010102020202020140e-02 1.012011201010121070e-01 2.020103010201040189e-02 7.961414152630043040e-01
