0.000000000000000000e+00 9.786300374821897776e+02 9.786300374821897776e+02 9.786300374821897776e+02 9.786300374821897776e+02
1.000000000000000021e-02 3.034573613972995787e+01 4.608665988490147747e+00 3.088391306165337937e+02 3.188927028130467534e+02
2.000000000000000042e-02 1.079605641247423087e+01 4.558607978190146959e+00 2.558806080040234860e+02 3.175223292339996419e+02
2.999999999999999889e-02 6.291084148950225163e+00 4.558607978190146959e+00 2.205687532715344901e+02 3.163838120866910799e+02
4.000000000000000083e-02 3.458669825572909584e+00 4.558607978190146959e+00 1.213389843289344583e+02 3.146486692815649917e+02
5.000000000000000278e-02 2.620462312634005642e+00 4.558607978190146959e+00 7.279658420443446687e+01 3.131182621001155439e+02
5.999999999999999778e-02 1.987317205289610644e+00 4.558607978190146959e+00 4.326668410821046251e+01 3.115061275520303639e+02
7.000000000000000666e-02 1.684516965448469739e+00 4.558607978190146959e+00 3.629848404271946549e+01 3.071018752423125875e+02
8.000000000000000167e-02 1.361852423748444840e+00 4.558607978190146959e+00 2.979798391081946107e+01 3.045404340805325774e+02
8.999999999999999667e-02 1.350552302599443033e+00 4.558607978190146959e+00 2.939798391081946249e+01 3.011760045440057638e+02
1.000000000000000056e-01 1.350491131499132580e+00 4.558407978190147425e+00 2.939798391081946249e+01 3.006670734838984345e+02
1.100000000000000006e-01 1.260490859297100918e+00 4.558407978190147425e+00 2.931168391081942559e+01 3.000334418880710814e+02
1.199999999999999956e-01 1.020482848497099582e+00 4.558407978190147425e+00 2.919018391081865005e+01 2.987247123644476687e+02
1.300000000000000044e-01 8.480827884879491574e-01 4.558407978190147425e+00 2.907478391081864544e+01 2.982395834631203684e+02
1.400000000000000133e-01 7.680717363777691542e-01 4.558407978190147425e+00 2.890658391077866440e+01 2.965044229511930780e+02
1.499999999999999944e-01 7.479717163656087742e-01 4.558407978190147425e+00 2.888098391077866367e+01 2.843711900362648066e+02
1.600000000000000033e-01 7.469717163656067749e-01 4.558407978190147425e+00 2.886518391077866497e+01 2.840061308408205605e+02
1.700000000000000122e-01 5.269697160626067856e-01 4.558407978190147425e+00 2.884594819077866390e+01 2.833016074579934980e+02
1.799999999999999933e-01 5.161605960626061140e-01 4.558407978190147425e+00 2.883284818634366431e+01 2.828879858652644543e+02
1.900000000000000022e-01 5.161525959626060978e-01 4.558407978190147425e+00 2.881699076634366108e+01 2.668002732025374826e+02
2.000000000000000111e-01 5.150525359546046511e-01 4.558407978190147425e+00 2.880459076634366156e+01 2.652357557758325015e+02
2.099999999999999922e-01 4.450494759546044232e-01 4.558407978190147425e+00 2.879409076634366116e+01 2.648404135715254597e+02
2.200000000000000011e-01 4.450494759544542100e-01 4.558407978190147425e+00 2.878758156370029297e+01 2.644623921260264865e+02
2.300000000000000100e-01 4.350494359454339377e-01 4.558407978190147425e+00 2.878098118370029113e+01 2.640675737942024739e+02
2.399999999999999911e-01 4.349494059453937189e-01 4.558407978190147425e+00 2.877557794348287601e+01 2.636020164223724578e+02
2.500000000000000000e-01 4.346414059453937440e-01 4.558407978190147425e+00 2.877117656335081719e+01 2.360475270371824479e+02
2.600000000000000089e-01 4.246414059453937351e-01 4.558407978190147425e+00 2.876747478334633357e+01 2.279387078952434535e+02
2.700000000000000178e-01 4.246383849343636774e-01 4.558407978190147425e+00 2.876437283334184514e+01 2.229744380729204636e+02
2.800000000000000266e-01 3.940353149333636895e-01 4.558407978190147425e+00 2.876127283334184526e+01 2.226103777507964594e+02
2.899999999999999800e-01 3.134353149333236610e-01 4.558407978190147425e+00 2.875827283253701339e+01 2.206348594986704370e+02
2.999999999999999889e-01 3.134323132313136528e-01 4.558407978190147425e+00 2.875537283253701304e+01 2.180910412550084629e+02
3.099999999999999978e-01 2.634312930313128520e-01 4.558407978190147425e+00 2.875277283253701199e+01 2.178172249915974703e+02
3.200000000000000067e-01 2.529292929313126104e-01 4.558407978190147425e+00 2.874857483253565249e+01 2.175533043878754711e+02
3.300000000000000155e-01 2.524292629313126257e-01 4.558407978190147425e+00 2.874348883253451348e+01 2.171239889820544704e+02
3.400000000000000244e-01 2.524292629313126257e-01 4.558407978190147425e+00 2.874158883253349472e+01 2.010997725800354488e+02
3.500000000000000333e-01 2.324292629313124414e-01 4.558407978189817022e+00 2.873978883253312233e+01 2.007958993781154504e+02
3.599999999999999867e-01 2.324292629283124245e-01 4.558407978189817022e+00 2.873818883236012311e+01 2.005012982760934790e+02
3.699999999999999956e-01 2.324292629282924127e-01 4.558407978189817022e+00 2.873677283235929281e+01 1.871662980939724719e+02
3.800000000000000044e-01 2.320292629282921237e-01 4.558407978189817022e+00 2.873547283235830108e+01 1.865307975520514390e+02
3.900000000000000133e-01 2.320292627232921068e-01 4.558407978189817022e+00 2.873417283234930508e+01 1.802850845829094624e+02
4.000000000000000222e-01 2.318242327232918065e-01 4.558407978189817022e+00 2.873297283189929985e+01 1.696995845809884429e+02
4.100000000000000311e-01 2.318242325232917345e-01 4.558407978189817022e+00 2.873067783161630473e+01 1.694684845792684484e+02
4.199999999999999845e-01 2.318202125192517227e-01 4.558407978189817022e+00 2.872955583161630244e+01 9.824228457754844612e+01
4.299999999999999933e-01 2.318202124191917346e-01 4.558407978189817022e+00 2.872865583161630099e+01 9.800428457553945805e+01
4.400000000000000022e-01 2.318202124191917346e-01 4.558407978189817022e+00 2.872777983161630289e+01 9.780928457272744936e+01
4.500000000000000111e-01 2.318202124191916236e-01 4.558407978189817022e+00 2.872688483161630302e+01 8.638588434650844761e+01
4.600000000000000200e-01 2.318202118191915184e-01 4.558407978189817022e+00 2.872605383161630144e+01 8.620938434472846268e+01
4.700000000000000289e-01 1.817202118171915293e-01 4.558407978189817022e+00 2.872535383161630307e+01 8.569658432078345811e+01
4.799999999999999822e-01 1.717202118171915204e-01 4.558407978189817022e+00 2.872465383161630115e+01 8.554118431626545771e+01
4.899999999999999911e-01 1.714202118171915257e-01 4.558407978189817022e+00 2.872395383161630278e+01 8.534458431429246161e+01
5.000000000000000000e-01 1.714202117171915174e-01 4.558407978189817022e+00 2.872335383161630062e+01 8.483638431237444877e+01
5.100000000000000089e-01 1.714202117141415405e-01 4.558407978189817022e+00 2.872295383155530146e+01 5.183218431045464314e+01
5.200000000000000178e-01 1.613201915141415088e-01 4.558370978189817180e+00 2.872295383155530146e+01 5.170748430853762301e+01
5.300000000000000266e-01 1.613201715141315273e-01 4.558370978189817180e+00 2.872291183155530092e+01 5.152268426132158652e+01
5.400000000000000355e-01 1.613201713141315385e-01 4.558370978189817180e+00 2.872281783142230438e+01 5.137608425956157276e+01
5.500000000000000444e-01 1.513201713141315297e-01 4.558370978189817180e+00 2.872281553832230117e+01 5.121978425774556598e+01
5.600000000000000533e-01 1.313141713141315059e-01 4.557570978189817268e+00 2.872267653831230305e+01 4.933698422873056444e+01
5.700000000000000622e-01 1.313131513141315154e-01 4.557570978189817268e+00 2.872267653829930012e+01 4.344708422701555861e+01
5.799999999999999600e-01 1.313121413111314195e-01 4.557570978189817268e+00 2.872267253828220746e+01 4.320688422539855367e+01
5.899999999999999689e-01 1.213121413111314106e-01 4.557570978189817268e+00 2.872264353826920669e+01 4.305298422330955077e+01
5.999999999999999778e-01 1.213121413111314106e-01 4.557570978189817268e+00 2.872255953825620978e+01 4.289838422110154426e+01
6.099999999999999867e-01 1.213121413111211133e-01 4.557570978189817268e+00 2.872255953824020835e+01 4.275508410018154137e+01
6.199999999999999956e-01 1.113121413111111124e-01 4.557570978130817352e+00 2.872248053822520930e+01 4.173788409286053991e+01
6.300000000000000044e-01 1.112121413111111096e-01 4.557570978130817352e+00 2.872248053365321141e+01 4.159478409093753726e+01
6.400000000000000133e-01 1.112121112111111171e-01 4.557490978130816828e+00 2.872247552124120773e+01 4.146148408762353199e+01
6.500000000000000222e-01 1.012121112111109139e-01 4.557490978130816828e+00 2.872226552122921106e+01 3.477788408327042902e+01
6.600000000000000311e-01 1.012121111111109056e-01 4.557490968430816913e+00 2.872226552121820831e+01 3.297808408144542369e+01
6.700000000000000400e-01 1.009120911111109076e-01 4.557490968430816913e+00 2.872226552120720910e+01 3.282458407952042023e+01
6.800000000000000488e-01 1.008110910101109037e-01 4.557490968430816913e+00 2.872226552119020582e+01 3.262858407641734715e+01
6.900000000000000577e-01 1.008090810091109013e-01 4.557490968430816913e+00 2.872226552116821097e+01 3.247388404252033212e+01
7.000000000000000666e-01 1.008080810091109003e-01 4.557490968430816913e+00 2.872226552074521067e+01 2.947028402609732822e+01
7.099999999999999645e-01 1.008080808091109115e-01 4.557490968430816913e+00 2.872226551084520807e+01 2.945968402377732076e+01
7.199999999999999734e-01 1.008080808091109115e-01 4.557490968430816913e+00 2.872226550273420642e+01 2.945138399555131059e+01
7.299999999999999822e-01 1.008070808071109131e-01 4.557490968430816913e+00 2.872223350272720666e+01 2.940638399303124118e+01
7.399999999999999911e-01 1.008070807071109187e-01 4.557490968430816913e+00 2.872220949361721054e+01 2.940358399012551160e+01
7.500000000000000000e-01 1.008070807071109187e-01 4.557490968430816913e+00 2.872218749360820667e+01 2.939838397919766066e+01
7.600000000000000089e-01 1.007070807071107077e-01 4.557470128430816558e+00 2.872217343359920960e+01 2.938398397187198441e+01
7.700000000000000178e-01 8.070708070711070381e-02 4.557469138430817246e+00 1.953217343358912927e+01 2.933278396874416671e+01
7.800000000000000266e-01 7.070708070711061166e-02 2.977469008430816633e+00 1.953217343358112856e+01 2.932938396569678474e+01
7.900000000000000355e-01 7.070607060711060765e-02 2.977469008429736608e+00 1.953217343357212954e+01 2.932588396246441320e+01
8.000000000000000444e-01 7.070607060711060765e-02 2.977469008429736608e+00 1.953217343356113034e+01 2.932258392312016326e+01
8.100000000000000533e-01 6.060606060707060538e-02 2.977469008429736608e+00 1.210217249354512958e+01 2.931918391956083170e+01
8.200000000000000622e-01 6.060606060707050824e-02 2.807469008429736679e+00 1.210217226353212894e+01 2.931508391589551721e+01
8.300000000000000711e-01 6.060606060707050824e-02 2.807469008429736679e+00 1.210216932351512931e+01 2.931228391165173264e+01
8.399999999999999689e-01 5.060606060707050630e-02 2.807469008429736679e+00 6.592169323501130052e+00 2.930880712731739379e+01
8.499999999999999778e-01 5.060606060707050630e-02 2.207469008429723711e+00 6.592169323486129606e+00 2.926989044294505149e+01
8.599999999999999867e-01 5.060605060506050829e-02 2.207469008429723711e+00 6.592169283470130203e+00 2.924888455290171407e+01
8.699999999999999956e-01 5.060505050505050700e-02 2.207461004729724063e+00 6.592168933465129221e+00 2.922658332284890648e+01
8.800000000000000044e-01 5.050504050505040532e-02 2.067461004729723939e+00 4.112168933459130038e+00 2.921887751234659447e+01
8.900000000000000133e-01 5.050504050505040532e-02 2.058461004729723598e+00 4.112168933454117159e+00 2.921297631216029345e+01
9.000000000000000222e-01 4.050504050505040338e-02 2.058461004729723598e+00 4.112167333444046946e+00 2.911667548205399214e+01
9.100000000000000311e-01 4.050504050505040338e-02 1.998461004729722879e+00 4.112167333440047479e+00 2.909972383195432499e+01
9.200000000000000400e-01 4.040504050505040745e-02 1.988460254729722765e+00 2.752167333436047247e+00 2.909278983177986078e+01
9.300000000000000488e-01 4.040504050403040393e-02 1.988460254729562893e+00 2.752167286632007048e+00 2.907926683166646953e+01
9.400000000000000577e-01 3.030404050403040159e-02 1.988260254729563137e+00 2.752167216626993262e+00 2.906748952690798760e+01
9.500000000000000666e-01 3.030404030303030308e-02 1.649760252329562915e+00 2.752166216620990813e+00 2.901102398413674877e+01
9.599999999999999645e-01 3.030304030303030555e-02 1.649760251130562683e+00 2.752166134515519502e+00 2.899380047400456206e+01
9.699999999999999734e-01 3.030303030303030387e-02 1.329648381099555854e+00 2.752166130313439485e+00 1.195061721717909720e+01
9.799999999999999822e-01 3.020303030203020170e-02 9.396371110695832529e-01 2.751804118406712796e+00 3.447294156986080438e+00
9.899999999999999911e-01 2.020203020202020194e-02 1.370101012101132033e-02 1.210101010201051000e-02 2.805666911945280617e+00
